0	2	6	0	2	2	2	3	4	5	2	1	2	3	0	2	4	5	5	7	6	6	2	1	4	1	1	2	3	7	4	7	4	8	4	8	7	5	5653753.0
0	1	6	0	2	2	0	3	4	4	2	1	1	3	0	3	2	3	3	3	4	4	2	1	5	2	2	4	4	5	4	4	3	4	1	5	3	4	6923131.0
1	2	4	3	7	0	2	2	4	4	2	1	3	3	0	3	2	3	3	3	3	2	2	0	3	2	2	4	4	2	4	4	3	4	1	5	3	4	2055379.0
1	2	7	4.5	6	3	4	5	0	7	0	0	7	0	7.5	8	6	9	4	0	1	0	7	0	0	4	4	2.5	2.5	2.5	7.5	2	0	0	6	2	0	0	2675511.0
1	2	3	3	5	2	2	3	4	4	2	1	3	3	0	5	1	5	2	7	5	4	2	2	3	4	3	6	0	2	4	7	2	5	3	6	7	5	4316715.0
0	1	7	7	4.5	7.5	6	0	0	7	4	3	0	6	1	3	2	3	3	3	6	7	3	0	6	2	2	4	4	7.5	0	4	3	4	1	5	3	4	5017319.0
0	2	4	6	2	2	0	4	4	4	2	1	3	3	0	4	6	7	4	7	5	6	2	2	3	5	6	3	0	2	4	8	6	6	3	6	6	8	5166635.0
0	2	6	0	2	0	2	2	4	5	3	2	5	1	2	3	2	3	3	3	4	5	4	4	5	2	2	4	4	5	6	4	3	4	1	5	3	4	4491607.0
1	2	2	2	2	2	0	3	1	4	2	1	1	3	0	2	1	5	2	7	3	2	2	0	3	6	6	3	8	7	4	8	6	7	2	9	6	8	4952497.0
1	2	7	4.5	6	7.5	5	5	0	0	0	0	3	0	7.5	3	2	3	3	3	0	3	3	0	0	2	2	4	4	0	2.5	4	3	4	1	5	3	4	5444227.0
1	1	8	7	6	3	4	5	0	7	0	0	7	0	7.5	3	2	3	3	3	0	1	1	1	1	2	2	4	4	1	2.5	4	3	4	1	5	3	4	3745135.0
0	2	4	3	2	2	2	4	4	4	2	1	3	3	0	5	4	6	5	7	5	5	2	0	4	5	4	6	0	5	4	7	6	8	3	6	7	8	5161370.0
0	2	4	8	2	2	2	1	4	5	2	1	2	3	0	3	2	3	3	3	4	6	2	2	5	2	2	4	4	2	4	4	3	4	1	5	3	4	1734634.0
0	1	6	0	2	2	0	2	4	4	2	1	3	3	0	3	2	3	3	3	4	6	2	2	3	2	2	4	4	5	4	4	3	4	1	5	3	4	4807746.0
1	1	4	8	2	2	0	3	4	4	2	1	3	3	0	3	2	3	3	3	4	3	2	1	5	2	2	4	4	7	4	4	3	4	1	5	3	4	1999097.0
0	2	0	7.5	6	3	2	0	0	0	0	0	5	0	7.5	4	0	1	4	0	2	8	3	2	6	8	8	1	2.5	7.5	7.5	7	1	1	3	1	4	2	3218918.0
0	1	3	0	2	2	2	4	4	5	2	2	2	3	2	3	2	3	3	3	3	6	2	0	3	2	2	4	4	7	6	4	3	4	1	5	3	4	19696939.0
0	1	4	3	2	0	0	2	4	5	2	1	2	3	0	3	2	3	3	3	3	2	2	0	3	2	2	4	4	2	2	4	3	4	1	5	3	4	8213524.0
0	2	6	0	2	4	0	3	4	4	2	1	3	3	0	4	4	4	5	4	7	5	2	4	5	5	3	6	6	7	4	5	6	7	5	9	7	5	5337526.0
1	2	4	3	2	2	2	3	4	4	3	2	1	1	2	3	2	3	3	3	5	2	2	0	3	2	2	4	4	7	4	4	3	4	1	5	3	4	2021934.0
1	2	3	3	2	2	2	3	4	5	2	1	2	3	0	4	5	6	7	7	6	5	2	0	6	4	6	2	0	2	4	7	2	6	3	9	6	7	5525735.0
0	1	5	0	2	2	2	3	4	5	3	2	5	1	2	3	2	3	3	3	7	5	2	1	3	2	2	4	4	5	2	4	3	4	1	5	3	4	1149870.0
1	1	8	7	6	3	4	6	0	0	0	0	3	0	7.5	3	2	3	3	3	8	0	3	1	0	2	2	4	4	7.5	7.5	4	3	4	1	5	3	4	3956086.0
1	1	4	3	2	2	2	3	4	2	3	2	4	4	2	3	2	3	3	3	5	4	2	0	3	2	2	4	4	7	4	4	3	4	1	5	3	4	2999068.0
0	2	5	0	5	0	2	3	4	4	2	2	3	3	2	7	6	7	6	7	6	5	4	2	4	4	4	8	0	5	6	7	6	8	5	9	7	7	8904084.0
1	1	6	3	1	0	2	3	4	4	2	1	3	3	0	3	2	3	3	3	4	2	4	0	3	2	2	4	4	7	4	4	3	4	1	5	3	4	3778621.0
0	2	3	0	2	0	2	2	4	2	2	2	4	3	2	4	6	7	2	7	6	5	4	1	5	4	4	8	2	5	4	7	6	8	2	6	7	5	2267425.0
1	1	6	0	2	4	0	3	4	5	3	1	5	4	0	3	2	3	3	3	6	5	5	3	6	2	2	4	4	3	4	4	3	4	1	5	3	4	5435276.0
0	2	6	0	2	2	0	2	4	4	3	2	3	4	2	4	6	7	5	7	6	5	4	4	4	5	3	3	8	3	6	5	6	7	3	6	6	8	4705945.0
0	1	2	2	2	2	2	1	1	5	3	2	4	2	2	3	2	3	3	3	3	2	2	0	3	2	2	4	4	2	4	4	3	4	1	5	3	4	3447890.0
1	2	2	2	5	4	2	1	1	4	2	1	3	3	0	3	2	3	3	3	3	2	2	0	3	2	2	4	4	2	4	4	3	4	1	5	3	4	3008199.0
0	2	6	0	2	2	0	2	4	4	2	1	3	3	0	5	3	4	2	4	7	4	2	2	3	5	4	0	8	7	4	8	4	5	3	6	7	5	2058644.0
1	1	3	3	5	2	1	3	4	5	3	2	2	4	2	3	2	3	3	3	6	2	2	0	3	2	2	4	4	2	4	4	3	4	1	5	3	4	3261924.0
1	1	4	6	2	2	2	3	4	4	2	1	1	3	0	3	2	3	3	3	4	2	2	2	3	2	2	4	4	7	4	4	3	4	1	5	3	4	2371202.0
0	1	6	0	2	2	0	2	4	5	3	1	5	4	0	3	2	3	3	3	3	6	2	2	3	2	2	4	4	3	4	4	3	4	1	5	3	4	4100886.0
1	2	6	0	2	4	0	3	4	5	3	1	4	4	0	5	4	7	5	7	6	5	6	1	6	3	3	6	3	5	6	8	2	5	2	6	7	5	3903884.0
0	1	3	0	1	4	0	4	4	4	2	1	3	3	0	3	2	3	3	3	5	5	4	4	4	2	2	4	4	5	4	4	3	4	1	5	3	4	3028267.0
0	2	4	6	2	4	0	4	4	4	2	1	1	3	0	2	1	5	2	7	3	3	2	2	6	1	1	2	2	2	4	7	6	7	2	9	7	5	2740687.0
0	1	3	0	2	2	2	4	4	5	2	2	2	3	2	3	2	3	3	3	3	6	2	0	3	2	2	4	4	7	6	4	3	4	1	5	3	4	5461700.0
0	2	6	0	2	2	2	2	4	5	3	2	5	4	2	7	6	4	4	4	4	5	2	2	5	3	3	6	2	7	6	8	2	6	3	6	7	5	3818055.0
0	2	3	0	2	2	2	3	4	1	3	2	4	2	2	7	6	7	4	4	6	5	5	0	3	5	5	0	2	5	6	7	6	5	2	6	7	5	6836483.0
0	2	6	0	1	2	0	4	4	2	3	1	4	1	0	4	6	6	6	7	6	5	5	3	6	5	3	0	2	0	2	7	6	8	2	6	7	8	4554237.0
0	2	0	7.5	6	3	4	5	0	7	0	0	6	0	7.5	3	2	3	3	3	0	1	7	4	1	2	2	4	4	7.5	0	4	3	4	1	5	3	4	4952255.0
0	1	4	3	1	2	0	3	4	4	2	1	3	3	0	3	2	3	3	3	3	2	2	2	3	2	2	4	4	2	4	4	3	4	1	5	3	4	2732645.0
0	2	4	6	1	4	0	4	4	4	2	1	1	3	0	2	1	4	2	7	3	3	2	2	3	1	1	2	2	7	4	5	6	7	3	6	7	5	4264176.0
1	1	7	7	6	4.5	2	7	0	0	0	3	5	0	1	3	2	3	3	3	6	1	3	2	6	2	2	4	4	0	7.5	4	3	4	1	5	3	4	3752885.0
0	2	3	0	1	4	0	3	4	4	2	1	3	3	0	5	4	7	5	7	5	5	4	4	5	1	1	2	3	5	4	7	6	8	3	7	7	5	4250758.0
0	2	6	0	1	4	0	3	4	5	2	1	2	3	0	7	6	4	6	7	4	5	3	3	6	6	6	3	3	0	4	8	2	6	3	6	6	7	7865428.0
1	1	6	0	2	2	2	3	4	5	3	1	5	4	0	3	2	3	3	3	6	5	3	1	6	2	2	4	4	3	4	4	3	4	1	5	3	4	7201784.0
0	1	0	7.5	6	3	2	7	0	0	0	0	5	0	7.5	3	2	3	3	3	8	3	3	1	6	2	2	4	4	7.5	7.5	4	3	4	1	5	3	4	8630682.0
0	2	3	0	2	0	1	5	4	5	3	2	4	4	2	2	1	5	2	2	6	5	2	1	5	4	4	8	2	5	4	7	5	5	3	7	5	5	2156098.0
1	2	4	8	2	2	2	3	5	5	2	1	5	3	0	3	2	3	3	3	6	6	4	0	5	2	2	4	4	2	4	4	3	4	1	5	3	4	3273041.0
1	1	4	6	2	2	2	1	1	5	3	1	2	4	0	3	2	3	3	3	3	2	2	0	3	2	2	4	4	2	4	4	3	4	1	5	3	4	1763231.0
1	1	3	3	2	4	0	3	4	4	2	1	3	3	0	3	2	3	3	3	5	6	4	0	3	2	2	4	4	5	4	4	3	4	1	5	3	4	5595267.0
1	2	4	3	1	2	0	1	2	5	3	2	5	2	3	3	2	3	3	3	3	4	4	0	3	2	2	4	4	7	4	4	3	4	1	5	3	4	4651866.0
0	1	4	3	2	2	0	5	4	4	2	1	1	3	0	3	2	3	3	3	3	2	2	0	3	2	2	4	4	5	4	4	3	4	1	5	3	4	6941173.0
0	2	6	0	2	2	2	3	4	5	3	2	4	1	2	3	2	3	3	3	7	5	4	2	5	2	2	4	4	5	4	4	3	4	1	5	3	4	2390534.0
1	1	4	6	2	4	0	5	4	4	2	1	3	3	0	3	2	3	3	3	3	4	2	0	3	2	2	4	4	5	6	4	3	4	1	5	3	4	3258837.0
0	1	3	3	2	0	2	3	4	4	2	1	3	3	0	3	2	3	3	3	3	3	2	1	3	2	2	4	4	7	4	4	3	4	1	5	3	4	3004429.0
0	1	6	0	2	2	0	2	4	4	2	1	3	3	0	3	2	3	3	3	4	3	2	1	3	2	2	4	4	7	4	4	3	4	1	5	3	4	3600467.0
0	2	0	7.5	6	3	2	6	0	7	0	0	6	0	7.5	8	6	9	4	0	2	1	7	1	0	6	6	0	2.5	0	7.5	0	1	1	5	2	0	0	3164972.0
0	1	0	7.5	6	3	4	6	0	7	4	3	6	6	1	3	2	3	3	3	8	0	3	2	6	2	2	4	4	7.5	0	4	3	4	1	5	3	4	4350573.0
1	1	4	3	2	2	2	2	4	4	2	2	3	3	2	7	1	5	5	7	4	2	2	0	3	3	3	6	2	7	4	3	2	5	3	6	2	5	5286212.0
1	1	4	8	2	2	1	1	5	4	2	1	3	3	0	3	2	3	3	3	5	2	2	0	3	2	2	4	4	2	4	4	3	4	1	5	3	4	1619683.0
0	2	0	7.5	6	3	2	7	0	0	0	0	5	0	7.5	1	0	1	1	0	2	8	7	1	6	0	0	12.5	0	0	7.5	1	1	2	5	0	1	1	2551252.0
0	1	3	0	2	4	0	3	4	4	2	1	1	3	0	3	2	3	3	3	3	2	2	0	3	2	2	4	4	2	4	4	3	4	1	5	3	4	1756069.0
1	1	4	8	2	4	0	1	1	5	2	1	2	3	0	3	2	3	3	3	7	3	2	0	5	2	2	4	4	7	4	4	3	4	1	5	3	4	1882131.0
0	1	6	0	2	0	2	5	4	5	3	2	2	1	2	3	2	3	3	3	6	5	3	3	4	2	2	4	4	0	2	4	3	4	1	5	3	4	4052733.0
0	2	4	3	5	2	2	2	4	4	2	2	1	3	2	5	4	5	2	7	5	2	2	2	3	5	3	0	0	7	4	7	6	7	5	9	7	5	3836721.0
1	2	4	8	2	0	4	3	4	4	2	1	1	3	0	3	2	3	3	3	4	2	2	2	3	2	2	4	4	7	4	4	3	4	1	5	3	4	3452382.0
0	1	6	0	2	2	0	5	4	4	2	1	3	3	0	3	2	3	3	3	4	5	2	4	5	2	2	4	4	5	4	4	3	4	1	5	3	4	3982767.0
0	2	0	7.5	6	3	2	0	0	0	0	0	5	0	7.5	9	8	0	4	0	2	8	7	1	6	8	8	1	1	1	7.5	7	8	0	6	2	0	0	4136425.0
0	2	3	0	2	2	2	3	4	2	3	1	4	4	0	4	4	4	2	7	7	5	5	1	6	5	4	0	6	0	2	8	4	5	3	6	7	5	2525375.0
0	1	6	0	2	0	2	3	4	2	3	1	4	4	0	3	2	3	3	3	6	5	5	3	6	2	2	4	4	0	3	4	3	4	1	5	3	4	3347767.0
0	2	0	7.5	6	3	2	7	0	7	4	3	7	6	1	0	0	0	9	8	1	1	7	4	2	0	8	1	2.5	12.5	2.5	1	9	9	5	1	0	0	5500818.0
0	1	5	0	2	0	0	5	4	2	3	2	4	1	2	3	2	3	3	3	6	5	5	3	7	2	2	4	4	0	3	4	3	4	1	5	3	4	16549064.0
0	1	4	8	2	2	2	3	4	4	2	1	3	3	0	3	2	3	3	3	4	6	2	2	3	2	2	4	4	7	4	4	3	4	1	5	3	4	4590423.0
0	1	3	0	5	0	1	5	4	5	3	2	4	4	2	3	2	3	3	3	6	5	2	1	3	2	2	4	4	5	6	4	3	4	1	5	3	4	1904842.0
0	2	8	7.5	6	7.5	6	6	0	0	4	3	5	5	1	4	4	9	4	0	0	0	7	2	0	6	6	0	2.5	7.5	2.5	1	9	1	5	2	0	0	3871344.0
1	2	6	0	2	4	0	2	4	4	2	1	1	3	0	5	4	7	5	7	4	3	2	4	7	3	3	6	8	7	4	8	6	7	2	6	7	8	6313221.0
0	1	6	0	2	0	0	2	4	4	2	1	3	3	0	3	2	3	3	3	4	5	4	3	4	2	2	4	4	0	2	4	3	4	1	5	3	4	3727364.0
0	1	4	3	2	2	0	2	4	5	2	1	2	3	0	3	2	3	3	3	5	6	4	2	3	2	2	4	4	7	4	4	3	4	1	5	3	4	4066618.0
1	1	4	8	2	4	2	1	4	5	2	1	4	3	0	3	2	3	3	3	6	6	4	2	5	2	2	4	4	7	4	4	3	4	1	5	3	4	3807496.0
0	2	4	3	2	2	2	4	4	5	2	2	2	3	2	7	6	6	6	6	5	6	2	2	3	5	5	0	2	7	4	7	6	7	2	9	7	7	5966193.0
0	2	6	3	1	4	0	2	4	4	2	1	3	3	0	4	4	7	2	7	3	3	4	2	4	3	4	6	0	7	4	8	4	5	3	9	7	5	4250553.0
0	1	3	0	2	2	2	4	4	5	2	2	2	3	2	3	2	3	3	3	3	6	2	0	3	2	2	4	4	7	4	4	3	4	1	5	3	4	7495092.0
1	1	3	6	2	2	2	3	4	5	2	1	2	3	0	3	2	3	3	3	4	5	2	1	5	2	2	4	4	7	4	4	3	4	1	5	3	4	3351383.0
0	1	5	0	2	2	0	2	4	4	3	2	3	4	2	3	2	3	3	3	6	5	3	4	5	2	2	4	4	0	6	4	3	4	1	5	3	4	5906596.0
1	1	2	8	1	2	0	3	1	5	2	1	2	3	0	3	2	3	3	3	3	2	2	0	3	2	2	4	4	2	6	4	3	4	1	5	3	4	2025297.0
0	2	2	2	2	4	0	3	1	4	2	1	1	3	0	2	1	2	2	2	5	2	2	0	3	1	1	2	0	2	4	7	7	8	2	6	7	6	2364478.0
0	1	0	7.5	6	3	2	7	0	0	4	3	5	6	1	3	2	3	3	3	8	8	3	1	6	2	2	4	4	0	7.5	4	3	4	1	5	3	4	3426169.0
1	2	3	0	2	2	0	3	4	4	2	1	1	3	0	3	2	3	3	3	4	4	2	2	5	2	2	4	4	2	4	4	3	4	1	5	3	4	2083447.0
0	1	0	7.5	7.5	3	2	0	0	7	4	0	7	6	7.5	3	2	3	3	3	0	1	7	1	2	2	2	4	4	1	7.5	4	3	4	1	5	3	4	6782425.0
1	2	3	3	2	2	0	3	4	5	3	1	5	4	0	6	5	4	5	7	4	5	2	1	3	4	4	8	2	7	6	5	2	8	2	9	6	7	3410878.0
1	1	4	6	2	2	2	3	4	4	2	1	1	3	0	4	4	7	2	4	4	4	2	2	3	5	1	8	0	2	4	8	7	5	5	9	7	5	3753720.0
1	1	4	3	2	2	2	3	4	4	2	1	3	3	0	3	2	3	3	3	3	2	2	0	3	2	2	4	4	2	4	4	3	4	1	5	3	4	1270499.0
1	1	6	0	7	2	2	3	4	5	3	2	2	4	2	3	2	3	3	3	4	4	2	2	4	2	2	4	4	7	6	4	3	4	1	5	3	4	6412623.0
0	1	3	0	2	2	0	5	4	5	2	2	5	3	2	3	2	3	3	3	7	5	4	4	6	2	2	4	4	0	2	4	3	4	1	5	3	4	6694797.0
1	1	3	3	2	2	0	3	4	3	3	1	4	4	0	3	2	3	3	3	4	5	2	1	3	2	2	4	4	7	4	4	3	4	1	5	3	4	2344689.0
0	2	6	0	2	2	2	5	4	5	3	2	4	1	2	6	5	6	6	6	6	5	5	1	3	5	5	0	2	0	2	7	6	8	3	8	6	7	13575224.0
0	1	3	0	2	2	2	4	4	4	2	1	3	3	0	3	2	3	3	3	7	5	4	2	3	2	2	4	4	3	4	4	3	4	1	5	3	4	9652350.0
1	2	3	3	1	2	2	3	4	5	2	1	5	3	0	6	6	6	6	7	6	5	6	2	6	1	1	2	4	7	4	7	6	7	4	9	6	7	4758476.0
1	1	6	0	7	0	2	3	4	5	3	2	2	4	2	3	2	3	3	3	7	6	2	2	4	2	2	4	4	2	4	4	3	4	1	5	3	4	2738052.0
1	1	4	3	2	2	0	3	4	4	2	1	3	3	0	3	2	3	3	3	5	3	2	2	3	2	2	4	4	7	6	4	3	4	1	5	3	4	4429512.0
1	2	6	0	2	4	0	2	4	4	2	1	3	3	0	2	4	5	2	4	5	5	2	1	7	1	1	3	6	7	4	7	6	5	2	8	7	5	4467728.0
1	1	2	8	1	4	0	3	1	4	2	1	1	3	0	3	2	3	3	3	3	2	2	0	3	2	2	4	4	2	6	4	3	4	1	5	3	4	2792031.0
1	1	3	6	6	3	4	3	3	7	0	0	6	0	7.5	3	2	3	3	3	6	3	3	0	6	2	2	4	4	2.5	7.5	4	3	4	1	5	3	4	4888774.0
1	2	6	3	2	2	0	3	4	5	2	1	2	3	0	4	5	6	4	7	6	5	3	1	6	4	4	8	6	5	2	7	6	7	2	9	7	8	3248660.0
1	1	2	8	1	2	0	3	1	4	3	2	3	4	3	3	2	3	3	3	3	2	2	0	3	2	2	4	4	7	4	4	3	4	1	5	3	4	3570392.0
0	1	4	3	5	0	4	4	4	5	3	2	4	4	2	3	2	3	3	3	3	4	2	0	3	2	2	4	4	5	6	4	3	4	1	5	3	4	4219263.0
1	2	7	6	6	3	4	5	0	7	0	0	6	0	7.5	9	8	0	4	0	2	0	7	0	0	4	4	2.5	2.5	0	7.5	9	4	9	6	2	0	2	2954086.0
1	1	4	6	2	2	2	1	4	4	2	1	1	3	0	3	2	3	3	3	3	2	2	0	3	2	2	4	4	7	4	4	3	4	1	5	3	4	2993069.0
0	2	6	0	1	2	0	4	4	4	3	2	3	4	2	4	6	5	2	7	5	3	4	2	3	3	3	3	0	5	4	5	5	3	3	7	2	5	3784230.0
1	1	3	3	2	2	0	3	4	4	2	1	3	3	0	3	2	3	3	3	5	3	2	2	3	2	2	4	4	7	6	4	3	4	1	5	3	4	2097022.0
1	2	6	0	1	2	2	3	4	5	2	1	2	3	0	4	6	4	2	4	6	5	6	3	6	3	3	6	8	3	2	7	4	5	3	6	7	5	4155435.0
0	2	7	4.5	6	3	4	7	0	0	0	0	5	0	7.5	8	6	0	8	0	6	8	3	2	6	8	8	1	12.5	0	7.5	2	1	2	5	2	0	2	4882985.0
0	1	4	3	2	2	2	3	4	5	3	1	2	4	0	3	2	3	3	3	5	4	2	0	3	2	2	4	4	5	4	4	3	4	1	5	3	4	8894598.0
0	2	3	0	2	0	1	2	4	5	3	1	5	2	0	2	3	4	2	7	6	5	6	2	5	1	1	2	2	5	2	5	4	5	3	6	7	5	2018785.0
0	2	0	7.5	7.5	4.5	2	0	0	0	0	0	5	0	7.5	4	6	9	4	4	2	1	3	4	6	7	6	7.5	0	1	0	2	8	0	5	2	0	0	1847826.0
0	2	6	0	2	2	2	2	4	4	2	1	1	3	0	3	2	3	3	3	5	4	4	0	3	2	2	4	4	7	4	4	3	4	1	5	3	4	3780019.0
1	1	4	6	2	2	2	3	4	5	2	1	2	3	0	3	2	3	3	3	6	6	4	2	4	2	2	4	4	7	4	4	3	4	1	5	3	4	4067566.0
0	1	4	3	2	2	2	2	4	4	2	2	3	3	2	3	2	3	3	3	5	4	2	0	3	2	2	4	4	7	4	4	3	4	1	5	3	4	3445076.0
0	2	0	7.5	6	7.5	2	7	0	7	4	3	0	5	1	1	8	0	8	8	0	1	8	3	8	7	0	1	0	12.5	2.5	2	1	2	6	2	4	2	4286645.0
1	1	2	2	2	4	0	1	1	5	2	1	2	3	0	3	2	3	3	3	3	2	2	0	3	2	2	4	4	7	4	4	3	4	1	5	3	4	4263629.0
0	0	2	6	3	0	3	4	1	4	2	1	3	3	0	3	2	3	3	3	3	4	4	0	5	2	2	4	4	7	4	4	3	4	1	5	3	4	3810007.0
1	2	8	7	6	3	4	6	0	6	4	0	0	6	7.5	9	0	1	4	0	8	1	8	2	2	7	6	7.5	2.5	0	7.5	1	9	9	5	0	0	2	4780607.0
1	2	3	6	2	2	2	3	4	5	2	1	2	3	0	2	5	7	5	7	6	5	4	0	7	3	3	6	8	7	4	7	6	7	5	7	6	5	4015749.0
1	1	3	3	2	2	2	3	4	4	2	1	1	3	0	3	2	3	3	3	4	4	2	2	3	2	2	4	4	5	4	4	3	4	1	5	3	4	7592272.0
0	1	4	3	2	2	0	3	4	4	2	1	1	3	0	3	2	3	3	3	3	2	2	0	3	2	2	4	4	5	6	4	3	4	1	5	3	4	2383840.0
1	1	6	0	1	2	2	3	4	5	2	1	2	3	0	3	2	3	3	3	6	5	6	3	6	2	2	4	4	3	2	4	3	4	1	5	3	4	3939804.0
1	1	3	3	5	2	2	1	4	4	2	1	3	3	0	3	2	3	3	3	4	2	2	0	3	2	2	4	4	7	4	4	3	4	1	5	3	4	3376145.0
0	1	3	3	2	0	1	5	4	5	3	2	4	4	2	3	2	3	3	3	7	5	2	2	3	2	2	4	4	5	6	4	3	4	1	5	3	4	3199619.0
1	1	4	6	5	0	4	3	5	5	3	2	5	4	2	3	2	3	3	3	7	3	4	0	3	2	2	4	4	7	4	4	3	4	1	5	3	4	5787594.0
0	1	6	0	2	2	2	2	4	5	3	1	4	4	0	3	2	3	3	3	4	4	4	0	3	2	2	4	4	5	4	4	3	4	1	5	3	4	9262754.0
1	1	3	3	2	2	2	2	4	4	2	1	1	3	0	3	2	3	3	3	5	3	2	2	5	2	2	4	4	7	4	4	3	4	1	5	3	4	2544857.0
0	1	6	0	2	0	2	3	4	4	2	1	3	3	0	3	2	3	3	3	3	2	2	0	3	2	2	4	4	5	4	4	3	4	1	5	3	4	7217634.0
0	1	6	0	5	0	2	3	4	5	3	1	5	4	0	3	2	3	3	3	5	2	2	0	3	2	2	4	4	5	4	4	3	4	1	5	3	4	6363241.0
